0.220794 1.17861e-007 
0.11914 8.32749e-008 
0.220794 1.17861e-007 
0.200768 1.13449e-007 
0.186745 1.07037e-007 
0.185463 1.05885e-007 
0.190497 8.69322e-008 
0.100641 3.41715e-007 
0.190497 8.69322e-008 
0.185463 1.05885e-007 
0.186745 1.07037e-007 
0.200768 1.13449e-007 
0.220794 1.17861e-007 
0.11914 8.32749e-008 
0.220794 1.17861e-007 
0.200768 1.13449e-007 
0.186745 1.07037e-007 
0.185463 1.05885e-007 
0.190497 8.69322e-008 
0.100641 3.41715e-007 
1 0 
1.42939e-006 0.189854 
1.45384e-006 0.195434 
1.34257e-006 0.175433 
1.23554e-006 0.174473 
1.23571e-006 0.171668 
1.00669e-006 0.112515 
1.23571e-006 0.171668 
1.23554e-006 0.174473 
1.34257e-006 0.175433 
1.45384e-006 0.195434 
1.42939e-006 0.189854 
9.5792e-007 0.0823734 
1.42939e-006 0.189854 
1.45384e-006 0.195434 
1.34257e-006 0.175433 
1.23554e-006 0.174473 
1.23571e-006 0.171668 
1.00669e-006 0.112515 
1.23571e-006 0.171668 
1.23554e-006 0.174473 
1 0 
0.150812 1.05898e-006 
0.150608 1.07711e-006 
0.167946 1.08336e-006 
0.186233 1.20619e-006 
0.18246 1.17065e-006 
0.105684 5.09011e-007 
0.18246 1.17065e-006 
0.186233 1.20619e-006 
0.167946 1.08336e-006 
0.150608 1.07711e-006 
0.150812 1.05898e-006 
0.113706 7.09122e-007 
0.0548867 6.17393e-006 
0.113706 7.09122e-007 
0.150812 1.05898e-006 
0.150608 1.07711e-006 
0.167946 1.08336e-006 
0.186233 1.20619e-006 
0.18246 1.17065e-006 
0.105684 5.09011e-007 
1 0 
1.37209e-007 0.113303 
1.89704e-007 0.217153 
1.87131e-007 0.225674 
1.80868e-007 0.232834 
1.61906e-007 0.204972 
1.10142e-007 0.141337 
1.61906e-007 0.204972 
1.80868e-007 0.232834 
1.87131e-007 0.225674 
1.89704e-007 0.217153 
1.37209e-007 0.113303 
1.89704e-007 0.217153 
1.87131e-007 0.225674 
1.80868e-007 0.232834 
1.61906e-007 0.204972 
1.10142e-007 0.141337 
1.61906e-007 0.204972 
1.80868e-007 0.232834 
1.87131e-007 0.225674 
1.89704e-007 0.217153 
1 0 
0.11914 8.32749e-008 
0.220794 1.17861e-007 
0.200768 1.13449e-007 
0.186745 1.07037e-007 
0.185463 1.05885e-007 
0.190497 8.69322e-008 
0.100641 3.41715e-007 
0.190497 8.69322e-008 
0.185463 1.05885e-007 
0.186745 1.07037e-007 
0.200768 1.13449e-007 
0.220794 1.17861e-007 
0.11914 8.32749e-008 
0.220794 1.17861e-007 
0.200768 1.13449e-007 
0.186745 1.07037e-007 
0.185463 1.05885e-007 
0.190497 8.69322e-008 
0.100641 3.41715e-007 
0.190497 8.69322e-008 
1 0 
1.80868e-007 0.232834 
1.61906e-007 0.204972 
1.10142e-007 0.141337 
1.61906e-007 0.204972 
1.80868e-007 0.232834 
1.87131e-007 0.225674 
1.89704e-007 0.217153 
1.37209e-007 0.113303 
1.89704e-007 0.217153 
1.87131e-007 0.225674 
1.80868e-007 0.232834 
1.61906e-007 0.204972 
1.10142e-007 0.141337 
1.61906e-007 0.204972 
1.80868e-007 0.232834 
1.87131e-007 0.225674 
1.89704e-007 0.217153 
1.37209e-007 0.113303 
1.89704e-007 0.217153 
1.87131e-007 0.225674 
1 0 
0.240699 7.38816e-008 
0.243895 7.17061e-008 
0.240591 6.9404e-008 
0.123408 3.7551e-008 
0.240591 6.9404e-008 
0.243895 7.17061e-008 
0.240699 7.38816e-008 
0.233455 6.53158e-008 
0.118672 4.4949e-008 
0.233455 6.53158e-008 
0.240699 7.38816e-008 
0.243895 7.17061e-008 
0.240591 6.9404e-008 
0.123408 3.7551e-008 
0.240591 6.9404e-008 
0.243895 7.17061e-008 
0.240699 7.38816e-008 
0.233455 6.53158e-008 
0.118672 4.4949e-008 
0.233455 6.53158e-008 
1 0 
1.87131e-007 0.225674 
1.80868e-007 0.232834 
1.61906e-007 0.204972 
1.80868e-007 0.232834 
1.87131e-007 0.225674 
1.89704e-007 0.217153 
1.37209e-007 0.113303 
1.89704e-007 0.217153 
1.87131e-007 0.225674 
1.80868e-007 0.232834 
1.61906e-007 0.204972 
1.80868e-007 0.232834 
1.87131e-007 0.225674 
1.89704e-007 0.217153 
1.37209e-007 0.113303 
1.89704e-007 0.217153 
1.87131e-007 0.225674 
1.80868e-007 0.232834 
1.61906e-007 0.204972 
1.80868e-007 0.232834 
1 0 
0.167946 1.08336e-006 
0.186233 1.20619e-006 
0.18246 1.17065e-006 
0.105684 5.09011e-007 
0.18246 1.17065e-006 
0.186233 1.20619e-006 
0.167946 1.08336e-006 
0.150608 1.07711e-006 
0.150812 1.05898e-006 
0.113706 7.09122e-007 
0.0548867 6.17393e-006 
0.113706 7.09122e-007 
0.150812 1.05898e-006 
0.150608 1.07711e-006 
0.167946 1.08336e-006 
0.186233 1.20619e-006 
0.18246 1.17065e-006 
0.105684 5.09011e-007 
0.18246 1.17065e-006 
0.186233 1.20619e-006 
1 0 
1.00669e-006 0.112515 
1.23571e-006 0.171668 
1.23554e-006 0.174473 
1.34257e-006 0.175433 
1.45384e-006 0.195434 
1.42939e-006 0.189854 
9.5792e-007 0.0823734 
1.42939e-006 0.189854 
1.45384e-006 0.195434 
1.34257e-006 0.175433 
1.23554e-006 0.174473 
1.23571e-006 0.171668 
1.00669e-006 0.112515 
6.45296e-007 1.00456 
1.00669e-006 0.112515 
1.23571e-006 0.171668 
1.23554e-006 0.174473 
1.34257e-006 0.175433 
1.45384e-006 0.195434 
1.42939e-006 0.189854 
1 0 
0.297262 6.74424e-009 
0.166832 5.03282e-009 
0.297262 6.74424e-009 
0.272426 6.98306e-009 
0.247033 6.66777e-009 
0.116564 5.27428e-009 
0.247033 6.66777e-009 
0.272426 6.98306e-009 
0.297262 6.74424e-009 
0.166832 5.03282e-009 
0.297262 6.74424e-009 
0.272426 6.98306e-009 
0.247033 6.66777e-009 
0.116564 5.27428e-009 
0.247033 6.66777e-009 
0.272426 6.98306e-009 
0.297262 6.74424e-009 
0.166832 5.03282e-009 
0.297262 6.74424e-009 
0.272426 6.98306e-009 
1 0 
1.45384e-006 0.195434 
1.42939e-006 0.189854 
9.5792e-007 0.0823734 
1.42939e-006 0.189854 
1.45384e-006 0.195434 
1.34257e-006 0.175433 
1.23554e-006 0.174473 
1.23571e-006 0.171668 
1.00669e-006 0.112515 
1.23571e-006 0.171668 
1.23554e-006 0.174473 
1.34257e-006 0.175433 
1.45384e-006 0.195434 
1.42939e-006 0.189854 
9.5792e-007 0.0823734 
1.42939e-006 0.189854 
1.45384e-006 0.195434 
1.34257e-006 0.175433 
1.23554e-006 0.174473 
1.23571e-006 0.171668 
1 0 
0.200768 1.13449e-007 
0.220794 1.17861e-007 
0.11914 8.32749e-008 
0.220794 1.17861e-007 
0.200768 1.13449e-007 
0.186745 1.07037e-007 
0.185463 1.05885e-007 
0.190497 8.69322e-008 
0.100641 3.41715e-007 
0.190497 8.69322e-008 
0.185463 1.05885e-007 
0.186745 1.07037e-007 
0.200768 1.13449e-007 
0.220794 1.17861e-007 
0.11914 8.32749e-008 
0.220794 1.17861e-007 
0.200768 1.13449e-007 
0.186745 1.07037e-007 
0.185463 1.05885e-007 
0.190497 8.69322e-008 
1 0 
1.37209e-007 0.113303 
1.89704e-007 0.217153 
1.87131e-007 0.225674 
1.80868e-007 0.232834 
1.61906e-007 0.204972 
1.10142e-007 0.141337 
1.61906e-007 0.204972 
1.80868e-007 0.232834 
1.87131e-007 0.225674 
1.89704e-007 0.217153 
1.37209e-007 0.113303 
1.89704e-007 0.217153 
1.87131e-007 0.225674 
1.80868e-007 0.232834 
1.61906e-007 0.204972 
1.10142e-007 0.141337 
1.61906e-007 0.204972 
1.80868e-007 0.232834 
1.87131e-007 0.225674 
1.89704e-007 0.217153 
1 0 
0.247033 6.66777e-009 
0.272426 6.98306e-009 
0.297262 6.74424e-009 
0.166832 5.03282e-009 
0.297262 6.74424e-009 
0.272426 6.98306e-009 
0.247033 6.66777e-009 
0.116564 5.27428e-009 
0.247033 6.66777e-009 
0.272426 6.98306e-009 
0.297262 6.74424e-009 
0.166832 5.03282e-009 
0.297262 6.74424e-009 
0.272426 6.98306e-009 
0.247033 6.66777e-009 
0.116564 5.27428e-009 
0.247033 6.66777e-009 
0.272426 6.98306e-009 
0.297262 6.74424e-009 
0.166832 5.03282e-009 
1 0 
1.87131e-007 0.225674 
1.89704e-007 0.217153 
1.37209e-007 0.113303 
1.89704e-007 0.217153 
1.87131e-007 0.225674 
1.80868e-007 0.232834 
1.61906e-007 0.204972 
1.10142e-007 0.141337 
1.61906e-007 0.204972 
1.80868e-007 0.232834 
1.87131e-007 0.225674 
1.89704e-007 0.217153 
1.37209e-007 0.113303 
1.89704e-007 0.217153 
1.87131e-007 0.225674 
1.80868e-007 0.232834 
1.61906e-007 0.204972 
1.10142e-007 0.141337 
1.61906e-007 0.204972 
1.80868e-007 0.232834 
1 0 
0.105684 5.09011e-007 
0.18246 1.17065e-006 
0.186233 1.20619e-006 
0.167946 1.08336e-006 
0.150608 1.07711e-006 
0.150812 1.05898e-006 
0.113706 7.09122e-007 
0.0548867 6.17393e-006 
0.113706 7.09122e-007 
0.150812 1.05898e-006 
0.150608 1.07711e-006 
0.167946 1.08336e-006 
0.186233 1.20619e-006 
0.18246 1.17065e-006 
0.105684 5.09011e-007 
0.18246 1.17065e-006 
0.186233 1.20619e-006 
0.167946 1.08336e-006 
0.150608 1.07711e-006 
0.150812 1.05898e-006 
1 0 
1.45384e-006 0.195434 
1.42939e-006 0.189854 
9.5792e-007 0.0823734 
1.42939e-006 0.189854 
1.45384e-006 0.195434 
1.34257e-006 0.175433 
1.23554e-006 0.174473 
1.23571e-006 0.171668 
1.00669e-006 0.112515 
6.45296e-007 1.00456 
1.00669e-006 0.112515 
1.23571e-006 0.171668 
1.23554e-006 0.174473 
1.34257e-006 0.175433 
1.45384e-006 0.195434 
1.42939e-006 0.189854 
9.5792e-007 0.0823734 
1.42939e-006 0.189854 
1.45384e-006 0.195434 
1.34257e-006 0.175433 
1 0 
0.220794 1.17861e-007 
0.11914 8.32749e-008 
0.220794 1.17861e-007 
0.200768 1.13449e-007 
0.186745 1.07037e-007 
0.185463 1.05885e-007 
0.190497 8.69322e-008 
0.100641 3.41715e-007 
0.190497 8.69322e-008 
0.185463 1.05885e-007 
0.186745 1.07037e-007 
0.200768 1.13449e-007 
0.220794 1.17861e-007 
0.11914 8.32749e-008 
0.220794 1.17861e-007 
0.200768 1.13449e-007 
0.186745 1.07037e-007 
0.185463 1.05885e-007 
0.190497 8.69322e-008 
0.100641 3.41715e-007 
1 0 
1.89704e-007 0.217153 
1.87131e-007 0.225674 
1.80868e-007 0.232834 
1.61906e-007 0.204972 
1.10142e-007 0.141337 
1.61906e-007 0.204972 
1.80868e-007 0.232834 
1.87131e-007 0.225674 
1.89704e-007 0.217153 
1.37209e-007 0.113303 
1.89704e-007 0.217153 
1.87131e-007 0.225674 
1.80868e-007 0.232834 
1.61906e-007 0.204972 
1.10142e-007 0.141337 
1.61906e-007 0.204972 
1.80868e-007 0.232834 
1.87131e-007 0.225674 
1.89704e-007 0.217153 
1.37209e-007 0.113303 
1 0 
